version https://git-lfs.github.com/spec/v1
oid sha256:b2f0b9613fbf3b411c3b1d63a0a3170bbdac344ba6a4aff5157f35a558791dfd
size 445
